24	23
27	25
31	18
42	31
47	46
48	22
53	45
57	55
60	12
60	17
60	19
60	40
64	25
64	27
64	63
65	45
65	53
66	45
66	53
66	65
69	45
69	53
69	65
69	66
71	11
71	34
71	37
71	46
76	16
77	18
78	16
78	76
80	11
82	19
82	42
82	44
83	19
83	64
84	19
84	51
84	59
84	83
87	71
88	45
88	53
88	65
88	66
88	69
90	55
90	57
92	11
96	31
97	26
99	91
100	48
101	42
101	62
101	98
102	64
105	25
105	27
106	62
106	101
106	102
109	23
109	24
110	20
111	108
112	89
113	70
113	75
114	79
116	25
116	27
116	105
117	100
119	25
119	27
119	105
119	116
121	49
124	104
125	19
125	83
125	84
127	49
127	121
132	25
132	27
132	105
132	116
132	119
133	11
133	87
133	125
135	89
135	112
136	114
136	132
137	49
137	121
137	127
140	45
140	53
140	65
140	66
140	69
140	88
141	25
141	27
141	105
141	116
141	119
141	132
142	70
142	104
144	104
144	124
144	142
146	23
146	24
146	109
148	142
148	146
150	112
150	135
153	43
153	89
153	97
155	40
155	60
155	74
155	91
155	99
156	16
156	78
156	98
157	45
157	53
157	65
157	66
157	69
157	88
157	140
159	21
159	78
159	115
159	120
159	156
162	64
162	96
164	25
164	27
164	108
164	111
165	62
165	93
165	101
165	114
165	136
166	11
166	46
166	51
166	71
166	87
166	125
166	133
167	49
167	121
167	127
167	137
168	108
168	111
168	164
170	31
170	43
172	25
172	27
172	100
172	105
172	116
172	117
172	119
172	141
175	79
175	114
176	62
176	93
176	101
176	114
176	136
176	165
178	108
178	111
178	164
178	168
179	62
179	93
179	101
179	114
179	136
179	165
179	176
180	45
180	53
180	65
180	66
180	69
180	88
180	140
180	157
181	93
181	165
181	176
181	179
182	11
182	78
183	114
183	146
183	165
183	176
183	179
184	49
184	121
184	127
184	137
184	167
186	18
186	47
187	49
187	121
187	127
187	137
187	167
187	184
190	132
190	136
195	16
195	75
195	76
196	71
196	87
196	133
196	166
201	162
203	182
204	76
204	78
206	79
206	114
206	175
207	45
207	53
207	65
207	66
207	69
207	88
207	140
207	157
207	180
208	31
208	64
208	162
209	70
209	83
209	113
209	144
210	104
210	124
210	144
215	16
215	19
215	21
215	78
215	80
215	156
215	162
215	195
216	11
216	40
216	60
216	155
216	182
216	201
217	18
217	21
217	156
217	159
217	162
217	215
218	18
218	208
219	16
219	78
219	106
219	156
219	203
220	125
220	133
220	190
220	208
221	101
221	156
222	25
222	27
222	105
222	116
222	119
222	132
222	141
222	172
224	37
224	46
224	47
224	91
224	99
224	216
225	55
225	57
225	90
226	89
226	164
227	43
227	106
227	114
228	25
228	27
228	105
228	116
228	119
228	132
228	141
228	172
228	222
229	49
229	121
229	127
229	137
229	167
229	184
229	187
232	45
232	53
232	65
232	66
232	69
232	88
232	140
232	157
232	180
232	207
233	72
235	59
235	82
235	84
235	133
239	211
240	55
240	57
240	90
240	225
242	59
243	46
243	47
243	166
243	190
243	224
244	108
244	111
244	164
244	168
244	178
245	19
245	38
245	60
245	102
247	46
247	102
247	243
249	120
250	76
250	101
250	204
251	87
251	120
251	159
251	196
251	235
252	64
252	83
252	96
252	105
252	116
252	119
252	141
252	162
252	201
252	222
252	228
253	70
253	133
253	235
253	236
253	251
254	19
254	83
254	84
254	115
254	125
254	227
254	245
255	64
255	83
255	96
255	105
255	116
255	119
255	141
255	162
255	201
255	222
255	228
255	252
256	18
256	31
256	42
256	71
256	115
256	159
256	170
256	217
256	250
256	253
258	18
258	21
258	115
258	215
258	253
258	256
259	18
259	47
259	186
260	82
261	38
261	245
262	49
262	121
262	127
262	137
262	167
262	184
262	187
262	229
263	84
263	101
264	12
264	17
264	18
264	60
264	102
264	117
264	245
265	48
265	136
265	153
265	216
266	45
266	53
266	65
266	66
266	69
266	88
266	140
266	157
266	180
266	207
266	232
267	28
267	164
267	208
268	104
268	124
268	144
268	210
271	74
271	155
272	31
272	96
272	162
272	252
272	255
273	38
273	245
273	261
274	48
276	115
276	159
276	254
276	256
276	258
277	108
277	111
277	164
277	168
277	178
277	244
278	89
278	164
278	226
280	42
280	70
280	101
280	106
280	165
280	176
280	179
280	227
280	250
281	19
283	64
283	83
283	96
283	105
283	116
283	119
283	141
283	162
283	201
283	222
283	228
283	252
283	255
283	272
284	28
284	267
287	63
287	77
288	219
288	263
289	142
289	146
289	148
290	16
290	21
290	78
290	156
290	162
290	182
290	201
290	215
290	217
290	256
292	120
292	182
292	203
292	249
292	279
292	290
293	26
293	72
293	102
293	106
294	21
294	51
294	71
294	84
294	125
294	203
294	216
294	217
294	235
294	290
295	18
295	31
295	70
295	113
295	253
295	256
295	287
298	21
298	51
298	84
298	235
298	236
298	254
298	256
298	258
300	38
300	60
300	211
300	215
300	239
300	258
300	261
300	264
300	273
301	236
301	265
303	11
303	87
303	125
303	133
303	166
303	196
303	220
303	235
303	253
308	23
308	24
308	109
308	146
308	148
308	183
308	289
309	60
309	91
309	99
309	279
309	300
310	166
310	203
310	233
310	247
310	292
311	115
311	159
311	276
314	16
314	21
314	40
314	78
314	84
314	133
314	182
314	195
314	216
314	217
314	235
314	294
314	303
315	62
315	101
315	136
315	186
315	251
315	259
315	301
318	114
318	146
318	165
318	176
318	179
318	183
318	308
319	19
319	43
319	83
319	125
319	153
319	227
319	254
319	260
323	93
323	165
323	176
323	179
323	181
325	37
325	92
325	224
327	22
327	93
327	181
327	182
327	292
327	323
329	62
329	114
329	136
329	165
329	176
329	179
329	183
329	227
329	254
329	280
329	318
330	62
330	93
330	101
330	114
330	136
330	165
330	176
330	179
330	181
330	183
330	280
330	318
330	323
330	329
331	63
331	219
331	267
331	288
332	34
332	71
332	251
333	153
333	186
333	259
333	264
334	23
334	24
334	25
334	27
334	109
334	146
334	293
334	308
335	38
335	245
335	261
335	273
335	300
337	19
337	38
337	55
337	57
337	90
337	172
337	225
337	240
337	254
337	261
337	273
337	335
338	23
338	24
338	34
338	67
338	109
338	327
338	332
339	21
339	80
339	162
339	195
339	215
339	217
339	251
339	287
339	290
340	211
340	239
340	300
341	49
341	121
341	127
341	137
341	167
341	184
341	187
341	229
341	262
342	102
342	172
342	195
342	215
342	245
342	247
343	101
343	106
343	250
343	280
344	77
344	98
344	113
344	219
344	221
344	223
344	250
344	280
344	282
344	338
347	49
347	121
347	127
347	137
347	167
347	184
347	187
347	229
347	262
347	341
348	62
348	93
348	101
348	114
348	136
348	165
348	176
348	179
348	181
348	183
348	280
348	318
348	323
348	329
348	330
349	25
349	27
349	100
349	102
349	146
349	172
349	308
349	334
349	337
349	342
350	104
350	108
350	111
350	117
350	168
350	178
350	186
350	244
350	259
350	277
351	87
351	120
351	159
351	196
351	235
351	251
351	253
351	315
351	332
351	339
355	31
355	70
355	104
355	142
355	253
355	263
355	295
358	45
358	53
358	65
358	66
358	69
358	88
358	140
358	157
358	180
358	207
358	232
358	266
360	78
360	204
362	93
362	165
362	176
362	179
362	181
362	323
362	327
362	330
362	348
363	26
363	91
363	99
363	155
363	183
363	224
363	243
363	309
363	318
365	19
365	64
365	83
365	84
365	125
365	209
365	252
365	254
365	255
365	283
365	319
366	78
366	92
366	93
366	181
366	182
366	203
366	290
366	292
366	314
366	323
366	327
366	362
368	91
368	99
368	155
368	224
368	309
368	363
369	28
369	74
369	85
369	102
369	208
369	267
369	271
369	284
369	331
371	108
371	111
371	164
371	168
371	178
371	244
371	277
371	350
372	100
372	117
372	172
372	264
372	350
373	104
373	124
373	144
373	210
373	268
374	120
374	249
374	292
375	26
375	331
376	46
376	102
376	243
376	247
376	310
376	342
380	72
380	133
380	182
380	233
380	245
380	280
380	293
380	303
382	89
382	112
382	135
382	150
383	60
383	72
383	166
383	215
383	217
383	233
383	256
383	265
383	287
383	292
383	300
383	309
383	310
383	314
383	339
383	380
387	74
387	155
387	271
387	369
388	279
388	300
388	309
390	55
390	57
390	90
390	225
390	240
390	337
394	132
394	164
394	190
394	220
394	226
394	278
395	46
395	47
395	59
395	63
395	64
396	104
396	108
396	111
396	117
396	168
396	178
396	186
396	244
396	259
396	277
396	350
396	371
396	372
402	114
402	136
402	153
402	256
402	265
402	319
404	60
404	91
404	99
404	279
404	300
404	309
404	363
404	368
404	383
404	388
405	40
405	155
405	260
405	271
405	375
405	387
406	25
406	27
406	108
406	111
406	164
406	168
406	178
406	226
406	244
406	267
406	277
406	278
406	371
406	394
407	224
