16	12
25	21
25	24
26	24
26	25
28	26
34	20
42	15
45	42
50	14
50	17
56	40
59	56
60	20
60	41
60	52
64	10
64	12
64	16
71	38
77	19
79	45
79	73
80	20
81	42
81	45
82	60
83	20
83	34
83	60
83	73
83	80
83	82
86	18
86	38
86	60
86	80
86	83
89	40
90	80
90	86
92	40
92	56
92	89
93	26
93	28
94	11
95	82
95	89
98	16
98	38
99	42
99	60
99	81
99	86
99	89
99	92
100	20
100	34
100	60
100	73
100	83
100	86
100	99
103	38
103	80
103	86
103	98
104	36
104	80
106	46
107	12
108	20
108	73
108	83
108	100
109	73
109	106
111	67
111	110
113	38
114	25
114	112
115	25
115	53
115	76
115	114
117	69
118	88
119	82
121	52
122	73
122	80
122	104
125	85
125	88
125	112
126	13
126	20
126	26
126	107
126	114
132	98
134	13
134	93
134	122
139	71
140	25
140	53
140	61
140	76
140	115
142	25
142	53
142	61
142	76
142	115
142	140
143	21
143	25
143	26
143	140
143	142
144	53
144	64
144	114
145	19
145	56
145	59
146	28
146	34
146	92
146	93
146	99
147	47
147	52
147	86
147	90
148	42
148	45
148	79
148	81
151	109
151	132
153	19
153	56
153	59
153	145
154	147
155	53
155	144
155	146
156	110
157	47
157	67
157	109
158	20
158	41
158	52
158	60
158	82
158	83
158	86
158	99
158	100
162	24
162	36
162	47
162	104
162	115
162	122
162	157
163	13
163	25
163	26
163	46
163	106
163	115
164	17
164	20
164	34
164	40
164	83
164	86
164	100
164	146
165	17
165	21
165	104
166	38
166	88
166	103
166	118
168	24
168	25
168	143
169	19
169	59
169	99
169	144
169	145
169	153
169	154
169	155
170	24
170	53
170	115
170	143
170	168
171	93
171	99
171	134
171	146
171	155
172	74
173	25
173	26
173	53
173	115
173	140
173	142
173	143
173	155
173	170
176	24
176	45
176	93
181	17
181	20
181	34
181	122
181	164
184	18
184	61
184	147
184	154
184	169
187	17
187	20
187	34
187	40
187	83
187	86
187	100
187	146
187	164
187	181
188	21
188	25
188	26
188	140
188	142
188	143
188	168
188	170
188	173
191	20
191	34
191	83
191	100
191	146
191	164
191	181
191	187
192	20
192	34
192	83
192	100
192	146
192	164
192	181
192	187
192	191
193	156
194	106
194	162
199	24
199	29
199	168
200	131
201	137
202	17
202	82
202	88
202	95
202	166
204	42
204	45
204	57
204	79
204	111
204	148
206	106
207	21
207	46
207	57
207	163
208	17
208	21
208	202
208	206
208	207
211	20
211	34
211	83
211	100
211	146
211	164
211	181
211	187
211	191
211	192
213	121
213	145
213	172
215	36
215	38
215	71
215	103
215	113
215	139
215	157
215	181
216	47
216	147
216	157
216	162
217	46
217	76
217	106
217	109
217	122
217	140
217	168
217	181
217	207
217	208
218	177
219	40
219	82
219	92
219	202
220	25
220	53
220	61
220	76
220	115
220	140
220	142
220	143
220	173
220	188
220	217
222	20
222	34
222	83
222	100
222	146
222	164
222	181
222	187
222	191
222	192
222	211
224	17
224	21
224	104
224	165
225	25
225	53
225	61
225	76
225	115
225	140
225	142
225	143
225	173
225	188
225	217
225	220
227	67
230	39
233	42
233	45
233	81
233	148
233	206
235	116
237	13
238	21
238	25
238	26
238	143
238	168
238	170
238	173
238	188
240	56
240	233
241	38
241	90
241	109
241	110
241	113
241	207
242	85
243	38
243	72
243	113
243	176
243	241
246	64
246	151
246	162
246	206
246	243
247	42
247	99
248	53
248	144
248	146
249	102
250	34
250	36
250	38
250	71
250	103
250	104
250	164
250	166
250	181
250	187
250	191
250	192
250	211
250	215
250	222
252	57
252	69
252	114
252	144
253	19
253	56
253	59
253	145
253	153
253	169
254	50
254	71
254	139
255	14
255	19
255	95
255	147
255	156
256	52
256	121
256	213
257	60
257	69
257	73
257	122
257	151
257	157
257	158
257	181
257	217
258	42
258	67
258	111
258	148
258	155
258	157
258	162
259	80
259	94
259	104
259	118
259	122
259	243
260	17
260	21
260	104
260	165
260	224
261	114
261	144
261	252
263	98
263	103
263	147
263	157
264	14
264	52
264	82
264	213
265	17
267	254
269	47
269	90
269	147
269	154
269	155
269	162
269	216
269	258
270	26
270	28
270	40
270	247
271	41
271	60
271	158
271	217
271	248
272	102
272	249
273	17
273	34
273	88
273	118
273	181
273	191
273	192
273	202
273	208
273	211
273	222
273	265
273	270
275	14
275	17
275	50
275	254
276	46
276	80
276	163
276	164
276	187
276	208
276	217
276	271
277	17
277	34
277	50
277	82
277	88
277	118
277	164
277	166
277	187
277	191
277	192
277	202
277	211
277	219
277	222
277	270
277	273
277	275
278	26
278	88
278	98
278	139
278	248
278	254
281	24
281	76
281	157
281	162
281	168
281	170
281	217
281	258
282	24
282	115
282	162
282	194
282	281
284	52
284	121
284	213
284	256
285	154
285	241
285	243
285	259
286	67
286	73
286	82
286	119
287	17
289	36
289	49
289	55
289	104
289	106
289	162
289	227
289	251
289	281
290	137
290	201
291	17
291	50
291	88
291	164
291	166
291	187
291	202
291	208
291	273
291	275
291	277
292	14
292	60
292	73
292	82
292	158
292	227
292	286
293	114
293	168
293	261
293	263
294	98
294	132
294	151
294	168
295	131
295	200
296	76
296	243
296	259
297	24
297	282
300	12
300	156
300	193
301	19
301	56
301	59
301	145
301	153
301	169
301	213
301	253
302	69
302	74
302	172
309	53
309	98
309	170
309	173
309	281
311	75
311	265
312	160
313	116
313	235
315	19
315	59
315	92
315	99
315	144
315	145
315	153
315	155
315	169
315	184
315	253
315	301
316	255
316	281
318	121
318	145
318	172
318	213
318	256
318	264
318	284
318	301
319	118
319	166
319	270
319	277
320	40
320	83
320	100
320	108
320	231
320	270
325	254
329	36
329	132
329	168
330	18
330	61
330	125
330	142
330	184
331	11
331	18
331	330
332	38
332	252
332	311
333	67
333	73
333	89
333	95
333	227
333	286
333	292
334	25
334	53
334	126
334	143
334	173
334	188
334	238
334	309
335	40
335	56
335	110
335	207
335	240
336	41
336	59
336	95
336	154
336	169
336	184
336	269
336	315
338	125
339	24
339	42
339	45
339	74
339	148
339	168
339	176
339	251
339	258
340	111
340	155
340	156
340	162
340	166
340	193
340	258
340	281
340	282
340	289
340	300
341	180
342	24
342	49
342	132
342	162
342	168
342	240
342	294
343	199
343	250
344	17
344	40
344	93
344	134
344	164
344	181
344	187
344	250
344	273
345	157
345	215
345	257
345	282
347	25
347	76
347	106
347	109
347	115
347	140
347	142
347	143
347	168
347	188
347	194
347	199
347	206
347	217
347	220
347	225
348	36
348	132
348	168
348	329
349	53
349	144
349	146
349	155
349	169
349	171
349	173
349	258
349	269
349	315
349	340
350	46
350	76
350	106
350	140
350	163
350	207
350	217
350	220
350	225
350	241
350	261
350	334
351	25
351	76
351	106
351	109
351	115
351	140
351	142
351	143
351	168
351	188
351	194
351	199
351	206
351	217
351	220
351	225
351	347
352	52
352	121
352	213
352	256
352	284
352	318
358	88
358	118
358	166
358	259
358	273
358	277
358	319
359	121
359	145
359	172
359	213
359	256
359	264
359	284
359	301
359	318
359	352
361	24
361	36
361	40
361	89
361	92
361	111
361	162
361	168
361	204
361	206
361	217
361	281
363	20
363	34
363	60
363	73
363	80
363	82
363	83
363	86
363	100
363	108
363	158
363	164
363	187
363	191
363	192
363	211
363	222
363	320
364	109
364	168
364	204
364	217
364	281
364	347
364	351
364	361
366	19
366	77
366	147
366	184
366	233
366	255
366	263
366	315
367	53
367	144
367	146
367	155
367	169
367	171
367	173
367	258
367	269
367	315
367	340
367	349
369	75
370	113
370	134
370	169
370	296
370	315
372	118
372	134
372	358
373	26
373	146
373	162
373	166
373	340
374	71
374	98
374	147
374	216
374	330
374	342
375	39
375	230
376	24
376	47
376	61
376	154
376	162
376	194
376	199
376	206
376	216
376	233
376	246
376	282
376	330
376	339
376	374
377	12
377	24
377	98
377	162
377	168
377	194
377	281
377	282
377	300
377	329
377	342
377	348
379	223
381	223
381	379
383	71
383	169
383	315
384	24
384	47
384	162
384	194
384	216
384	231
384	263
384	376
385	19
385	59
385	99
385	144
385	145
385	153
385	154
385	155
385	169
385	184
385	253
385	301
385	315
385	336
385	349
385	367
385	370
385	383
387	52
387	121
387	213
387	256
387	284
387	318
387	352
387	359
389	121
389	145
389	172
389	213
389	256
389	264
389	284
389	301
389	318
389	352
389	359
389	387
391	121
391	145
391	172
391	213
391	256
391	264
391	284
391	301
391	318
391	352
391	359
391	387
391	389
395	57
395	64
395	69
395	114
395	252
395	330
395	331
397	59
397	104
399	52
399	121
399	213
399	256
399	284
399	318
399	352
399	359
399	387
399	389
399	391
400	64
400	98
400	132
400	294
403	36
403	162
403	206
403	376
405	216
405	289
406	14
406	50
406	240
406	275
406	405
407	58
407	90
407	107
407	126
407	269
407	334
